-1.388749331235885620e-01
6.855484098196029663e-02
1.349880248308181763e-01
-9.527121484279632568e-02
-1.673329770565032959e-01
-2.856158837676048279e-02
-1.425711996853351593e-02
-9.193049371242523193e-02
1.150013953447341919e-01
-1.070068702101707458e-01
2.163674682378768921e-01
-9.333150088787078857e-02
-2.684732675552368164e-01
8.963292837142944336e-02
-7.316088676452636719e-02
1.786561310291290283e-01
-1.653291434049606323e-01
-3.897174447774887085e-02
-6.924246251583099365e-02
-2.452881261706352234e-02
1.288243532180786133e-01
9.184242784976959229e-02
6.929007172584533691e-02
1.267748624086380005e-01
-1.367333680391311646e-01
-3.559743463993072510e-01
-7.758203148841857910e-02
-1.002484261989593506e-01
-9.891723096370697021e-02
-2.796074375510215759e-02
-2.371972799301147461e-02
2.951158210635185242e-02
-1.507933437824249268e-01
6.315906345844268799e-02
2.882889285683631897e-02
4.251224547624588013e-02
-1.114706248044967651e-01
-1.253476589918136597e-01
1.921299993991851807e-01
5.893178656697273254e-02
-2.272001802921295166e-01
3.396125882863998413e-02
3.314362093806266785e-02
1.850760132074356079e-01
1.871375143527984619e-01
-2.203093282878398895e-02
6.178889423608779907e-02
-1.382179111242294312e-01
1.305546313524246216e-01
-3.056075870990753174e-01
5.333624780178070068e-02
1.813605427742004395e-01
4.615252837538719177e-02
2.353719994425773621e-02
1.476068943738937378e-01
-1.166383177042007446e-01
-7.769344374537467957e-04
1.639673560857772827e-01
-1.569919586181640625e-01
7.129563391208648682e-02
7.128690183162689209e-02
-4.795224964618682861e-02
2.946249395608901978e-02
-1.525433212518692017e-01
1.619284301996231079e-01
1.050656214356422424e-01
-1.742881685495376587e-01
-9.110960364341735840e-02
1.472217440605163574e-01
-1.460670977830886841e-01
-6.016785651445388794e-02
1.166026070713996887e-01
-1.485428363084793091e-01
-2.639095783233642578e-01
-2.323447465896606445e-01
2.891018055379390717e-02
4.026470482349395752e-01
1.738401055335998535e-01
-1.940138041973114014e-01
-5.775856599211692810e-02
-1.225318312644958496e-01
-2.348976582288742065e-02
2.300285175442695618e-02
1.278062462806701660e-01
3.212029114365577698e-03
-5.318168923258781433e-02
-9.238733351230621338e-02
2.006861194968223572e-02
2.007627636194229126e-01
-8.035365492105484009e-02
2.239872887730598450e-02
3.776461482048034668e-01
3.378496319055557251e-02
-3.163767978549003601e-02
-1.232098694890737534e-02
4.022646322846412659e-02
-1.732766032218933105e-01
-5.037389323115348816e-02
-9.303803741931915283e-02
-1.240938901901245117e-02
-8.497136086225509644e-02
-1.074621528387069702e-01
-6.804982572793960571e-02
9.125515818595886230e-02
-2.483820170164108276e-01
1.354540437459945679e-01
-1.009610965847969055e-01
-9.319219738245010376e-02
-7.705552130937576294e-02
-6.488464027643203735e-02
-1.287552267313003540e-01
5.364725366234779358e-03
1.350895315408706665e-01
-2.490862607955932617e-01
1.070339381694793701e-01
1.569220274686813354e-01
5.766335874795913696e-02
1.485381573438644409e-01
1.692996732890605927e-02
4.887697845697402954e-02
-2.354196272790431976e-02
-6.371904909610748291e-02
-1.494165956974029541e-01
-5.778807401657104492e-02
9.954649209976196289e-02
-2.440372854471206665e-02
-2.879591286182403564e-02
-1.792547851800918579e-02
