-7.107555866241455078e-02
3.557825088500976562e-02
3.460261505097150803e-03
-2.467817813158035278e-02
-9.908322244882583618e-02
-5.939436703920364380e-02
-2.287492901086807251e-02
1.401768065989017487e-03
1.843621730804443359e-01
-5.205185711383819580e-02
1.836879402399063110e-01
-3.155844658613204956e-02
-2.396058887243270874e-01
7.945947349071502686e-03
-8.490577340126037598e-02
3.732328116893768311e-02
-9.533187747001647949e-02
-7.662662863731384277e-02
-4.558987915515899658e-02
-1.253602206707000732e-01
9.064936637878417969e-02
2.832727879285812378e-02
1.236132998019456863e-02
1.112727522850036621e-01
-1.253660470247268677e-01
-3.180506825447082520e-01
-1.314092129468917847e-01
-1.580488383769989014e-01
-1.720367744565010071e-02
-2.268719226121902466e-01
-3.563471138477325439e-02
1.854398474097251892e-02
-1.055478751659393311e-01
-1.120086312294006348e-01
-3.289595246315002441e-02
6.787564605474472046e-03
-4.971458390355110168e-02
-1.425877362489700317e-01
2.066063433885574341e-01
2.031852677464485168e-02
-1.007403954863548279e-01
-1.162511017173528671e-02
4.231724888086318970e-04
3.639646470546722412e-01
1.124610230326652527e-01
-3.170663118362426758e-02
3.147540241479873657e-02
-9.544855915009975433e-03
1.539796739816665649e-01
-2.309912294149398804e-01
9.786191582679748535e-02
1.410421282052993774e-01
1.546607017517089844e-01
5.237339437007904053e-02
4.849950596690177917e-02
-1.078705862164497375e-01
3.267113119363784790e-03
2.351591885089874268e-01
-2.588350176811218262e-01
1.288569569587707520e-01
2.638156898319721222e-02
-5.703270807862281799e-02
5.287388339638710022e-03
-4.962677136063575745e-02
1.723456680774688721e-01
1.632532477378845215e-01
-7.702079415321350098e-02
-9.890075027942657471e-02
1.467525362968444824e-01
-1.681183278560638428e-01
1.723262481391429901e-02
3.732851147651672363e-02
-1.360529661178588867e-01
-2.706922888755798340e-01
-1.301316022872924805e-01
1.252929717302322388e-01
3.789613544940948486e-01
1.931881755590438843e-01
-1.004692614078521729e-01
3.357378765940666199e-02
-1.329527795314788818e-01
-6.267178803682327271e-02
-4.638596437871456146e-03
1.303342729806900024e-02
-1.104970425367355347e-01
5.147198215126991272e-02
-1.067655831575393677e-01
1.192779242992401123e-01
1.718002408742904663e-01
1.430383883416652679e-03
-4.604071006178855896e-02
2.228055745363235474e-01
8.954609744250774384e-03
-2.042943984270095825e-02
1.017663776874542236e-01
-2.150149084627628326e-03
-1.607718020677566528e-01
3.328828513622283936e-02
-1.095647960901260376e-01
4.680922999978065491e-02
7.223987020552158356e-03
-1.820715963840484619e-01
-3.191679716110229492e-03
2.767376042902469635e-02
-1.637426316738128662e-01
1.305329650640487671e-01
-1.313116168603301048e-03
-7.404660433530807495e-02
-8.009587228298187256e-02
-2.837820351123809814e-02
-1.324233710765838623e-01
-3.650694340467453003e-02
1.988529115915298462e-01
-2.389903813600540161e-01
1.286746561527252197e-01
1.186173334717750549e-01
1.507447808980941772e-01
2.402891814708709717e-01
-8.670265786349773407e-03
1.948922313749790192e-02
3.606468811631202698e-02
-1.034628525376319885e-01
-1.414838284254074097e-01
1.356213912367820740e-02
9.349557012319564819e-02
3.167484328150749207e-02
4.639936983585357666e-02
1.816500350832939148e-02
